0 0.5553728070175439 0.6003898635477583 0.006761695906432748 0.015594541910331383
0 0.5776681286549707 0.5886939571150097 0.008771929824561403 0.014294996751137101
0 0.5652412280701754 0.622482131254061 0.008954678362573099 0.014944769330734242
0 0.5838815789473685 0.6419753086419753 0.010964912280701754 0.015269655620532813
0 0.6092836257309941 0.6023391812865497 0.012426900584795321 0.016244314489928524
0 0.5941154970760234 0.5766731643924626 0.0133406432748538 0.021442495126705652
0 0.6094663742690059 0.5230669265756985 0.007492690058479532 0.018518518518518517
0 0.6154970760233918 0.5363872644574399 0.006944444444444444 0.011695906432748537
0 0.5793128654970761 0.6130604288499025 0.012792397660818713 0.02014294996751137
0 0.3848684210526316 0.014944769330734242 0.011878654970760233 0.01916829109811566
