0 0.963610197368421 0.5816885964912281 0.020970394736842105 0.016721491228070175
0 0.9455180921052632 0.6976425438596491 0.017886513157894735 0.026589912280701754
0 0.8359375 0.6962719298245614 0.0234375 0.029331140350877194
0 0.8739720394736842 0.05592105263157895 0.01870888157894737 0.03481359649122807
0 0.8608141447368421 0.05619517543859649 0.021792763157894735 0.02631578947368421
0 0.7467105263157895 0.7990679824561403 0.02652138157894737 0.04029605263157895
0 0.7767269736842105 0.7206688596491229 0.021175986842105265 0.019462719298245616
0 0.7736430921052632 0.7033991228070176 0.01953125 0.015350877192982455
0 0.7726151315789473 0.6872258771929824 0.0234375 0.016721491228070175
0 0.7574013157894737 0.6970942982456141 0.02425986842105263 0.025219298245614034
0 0.7701480263157895 0.631578947368421 0.02035361842105263 0.013980263157894737
0 0.756578947368421 0.6186951754385965 0.018092105263157895 0.02631578947368421
0 0.7650082236842105 0.6088267543859649 0.017886513157894735 0.023574561403508772
0 0.7335526315789473 0.7288925438596491 0.0234375 0.038651315789473686
0 0.7705592105263158 0.7587719298245614 0.025699013157894735 0.026589912280701754
0 0.8275082236842105 0.08580043859649122 0.022820723684210526 0.02768640350877193
0 0.7354029605263158 0.13925438596491227 0.02261513157894737 0.032072368421052634
0 0.686266447368421 0.007401315789473684 0.01644736842105263 0.012335526315789474
0 0.6130756578947368 0.03042763157894737 0.010896381578947368 0.01918859649122807
0 0.6001233552631579 0.05180921052631579 0.01171875 0.04303728070175439
0 0.5881990131578947 0.044956140350877194 0.013980263157894737 0.03179824561403509
0 0.6733141447368421 0.1074561403508772 0.013980263157894737 0.018092105263157895
0 0.6642680921052632 0.1288377192982456 0.017886513157894735 0.022203947368421052
0 0.7142269736842105 0.24561403508771928 0.021175986842105265 0.03042763157894737
0 0.7374588815789473 0.39281798245614036 0.017269736842105265 0.022203947368421052
0 0.7374588815789473 0.41913377192982454 0.021792763157894735 0.022203947368421052
0 0.7185444078947368 0.3950109649122807 0.023643092105263157 0.015350877192982455
0 0.7179276315789473 0.41502192982456143 0.013980263157894737 0.022203947368421052
0 0.6877055921052632 0.5145285087719298 0.024054276315789474 0.020833333333333332
0 0.658922697368421 0.5463267543859649 0.01644736842105263 0.020833333333333332
0 0.6517269736842105 0.4824561403508772 0.01171875 0.015350877192982455
0 0.6517269736842105 0.3012609649122807 0.01171875 0.03618421052631579
0 0.6280838815789473 0.3045504385964912 0.013980263157894737 0.026589912280701754
0 0.6373355263157895 0.29851973684210525 0.012541118421052632 0.027960526315789474
0 0.6124588815789473 0.1768092105263158 0.015625 0.032072368421052634
0 0.5694901315789473 0.21162280701754385 0.013980263157894737 0.03179824561403509
0 0.5608552631578947 0.22834429824561403 0.015625 0.03179824561403509
0 0.47553453947368424 0.18393640350877194 0.02035361842105263 0.02631578947368421
0 0.4823190789473684 0.20531798245614036 0.01171875 0.016721491228070175
0 0.4745065789473684 0.21025219298245615 0.014802631578947368 0.02631578947368421
0 0.6126644736842105 0.39089912280701755 0.017886513157894735 0.018092105263157895
0 0.6073190789473685 0.37006578947368424 0.013157894736842105 0.020833333333333332
0 0.5939555921052632 0.38596491228070173 0.017886513157894735 0.01918859649122807
0 0.5978618421052632 0.4037828947368421 0.016241776315789474 0.022203947368421052
0 0.5074013157894737 0.33168859649122806 0.02425986842105263 0.035910087719298246
0 0.4979440789473684 0.3574561403508772 0.014802631578947368 0.02631578947368421
0 0.4862253289473684 0.3393640350877193 0.018092105263157895 0.02905701754385965
0 0.35464638157894735 0.01864035087719298 0.017269736842105265 0.03453947368421053
0 0.24136513157894737 0.09978070175438597 0.0234375 0.044407894736842105
0 0.1030016447368421 0.010964912280701754 0.017269736842105265 0.01918859649122807
0 0.09354440789473684 0.0381030701754386 0.032689144736842105 0.023574561403508772
0 0.6893503289473685 0.9443530701754386 0.02261513157894737 0.03344298245614035
0 0.6369243421052632 0.9503837719298246 0.02261513157894737 0.032072368421052634
0 0.7010690789473685 0.8859649122807017 0.014802631578947368 0.025219298245614034
0 0.6825657894736842 0.8511513157894737 0.02035361842105263 0.035910087719298246
0 0.6909950657894737 0.7872807017543859 0.01644736842105263 0.022203947368421052
0 0.6850328947368421 0.7637061403508771 0.010896381578947368 0.022203947368421052
0 0.6885279605263158 0.7129934210526315 0.01644736842105263 0.020833333333333332
0 0.6872944078947368 0.6455592105263158 0.017064144736842105 0.02768640350877193
0 0.6716694078947368 0.6469298245614035 0.02035361842105263 0.024945175438596492
0 0.6772203947368421 0.6672149122807017 0.021792763157894735 0.020833333333333332
0 0.6702302631578947 0.6970942982456141 0.015625 0.027960526315789474
0 0.6712582236842105 0.7165570175438597 0.015008223684210526 0.013706140350877192
0 0.6650904605263158 0.8004385964912281 0.013157894736842105 0.020833333333333332
0 0.6763980263157895 0.7872807017543859 0.006167763157894737 0.016721491228070175
0 0.6299342105263158 0.9150219298245614 0.01644736842105263 0.02768640350877193
0 0.6408305921052632 0.9073464912280702 0.016241776315789474 0.026589912280701754
0 0.6435032894736842 0.8596491228070176 0.01870888157894737 0.03892543859649123
0 0.6533717105263158 0.7283442982456141 0.01644736842105263 0.02905701754385965
0 0.6439144736842105 0.7415021929824561 0.010074013157894737 0.027960526315789474
0 0.6326069078947368 0.7302631578947368 0.012541118421052632 0.024945175438596492
0 0.6365131578947368 0.7192982456140351 0.014185855263157895 0.027960526315789474
0 0.6428865131578947 0.6853070175438597 0.017269736842105265 0.020833333333333332
0 0.6441200657894737 0.6603618421052632 0.014802631578947368 0.015350877192982455
0 0.6455592105263158 0.6395285087719298 0.014802631578947368 0.018092105263157895
0 0.6295230263157895 0.6367872807017544 0.012541118421052632 0.018092105263157895
0 0.6299342105263158 0.6672149122807017 0.010074013157894737 0.018092105263157895
0 0.6116365131578947 0.6504934210526315 0.015625 0.020833333333333332
0 0.6233552631578947 0.8434758771929824 0.015625 0.029331140350877194
0 0.6202713815789473 0.8580043859649122 0.013980263157894737 0.016721491228070175
0 0.6182154605263158 0.881578947368421 0.01953125 0.024945175438596492
0 0.6052631578947368 0.9089912280701754 0.014185855263157895 0.02631578947368421
0 0.5908717105263158 0.893640350877193 0.01171875 0.02905701754385965
0 0.5935444078947368 0.8506030701754386 0.02035361842105263 0.023574561403508772
0 0.600328947368421 0.8316885964912281 0.013157894736842105 0.02768640350877193
0 0.6099917763157895 0.8270285087719298 0.010896381578947368 0.023574561403508772
0 0.6099917763157895 0.7310855263157895 0.015625 0.023574561403508772
0 0.6122532894736842 0.7088815789473685 0.01870888157894737 0.02905701754385965
0 0.6303453947368421 0.796875 0.015625 0.02768640350877193
0 0.6087582236842105 0.8004385964912281 0.015008223684210526 0.015076754385964912
0 0.6013569078947368 0.7894736842105263 0.012541118421052632 0.018092105263157895
0 0.6052631578947368 0.7672697368421053 0.014185855263157895 0.023574561403508772
0 0.6021792763157895 0.5866228070175439 0.015625 0.018092105263157895
0 0.6077302631578947 0.5663377192982456 0.025082236842105265 0.022203947368421052
0 0.5853207236842105 0.6107456140350878 0.017886513157894735 0.024945175438596492
0 0.5717516447368421 0.6060855263157895 0.012541118421052632 0.018092105263157895
0 0.569078947368421 0.6228070175438597 0.020970394736842105 0.015350877192982455
0 0.5752467105263158 0.6359649122807017 0.01644736842105263 0.022203947368421052
0 0.5826480263157895 0.671875 0.013980263157894737 0.02768640350877193
0 0.592516447368421 0.7020285087719298 0.018092105263157895 0.018092105263157895
0 0.5836759868421053 0.7247807017543859 0.01171875 0.019462719298245616
0 0.5752467105263158 0.6954495614035088 0.01953125 0.019462719298245616
0 0.557360197368421 0.6907894736842105 0.013157894736842105 0.018092105263157895
0 0.5579769736842105 0.7053179824561403 0.017886513157894735 0.022203947368421052
0 0.5643503289473685 0.7206688596491229 0.010279605263157895 0.01644736842105263
0 0.5805921052631579 0.8171600877192983 0.013363486842105263 0.023574561403508772
0 0.5822368421052632 0.8012609649122807 0.01953125 0.022478070175438597
0 0.5810032894736842 0.7741228070175439 0.010896381578947368 0.020833333333333332
0 0.5818256578947368 0.7483552631578947 0.023643092105263157 0.022203947368421052
0 0.5725740131578947 0.7617872807017544 0.013980263157894737 0.023574561403508772
0 0.5587993421052632 0.7804276315789473 0.01171875 0.01918859649122807
0 0.5674342105263158 0.7927631578947368 0.013157894736842105 0.022203947368421052
0 0.5783305921052632 0.8788377192982456 0.013363486842105263 0.02768640350877193
0 0.5631167763157895 0.8881578947368421 0.010896381578947368 0.020833333333333332
0 0.5470805921052632 0.8497807017543859 0.013363486842105263 0.022203947368421052
0 0.5505756578947368 0.8782894736842105 0.02035361842105263 0.02631578947368421
0 0.5491365131578947 0.9073464912280702 0.015625 0.029331140350877194
0 0.5674342105263158 0.9177631578947368 0.01644736842105263 0.03042763157894737
0 0.5365953947368421 0.8950109649122807 0.015625 0.03728070175438596
0 0.5518092105263158 0.7379385964912281 0.014802631578947368 0.029331140350877194
0 0.5423519736842105 0.7538377192982456 0.013363486842105263 0.019462719298245616
0 0.5505756578947368 0.6609100877192983 0.012541118421052632 0.022203947368421052
0 0.5444078947368421 0.6463815789473685 0.009457236842105263 0.020833333333333332
0 0.5343338815789473 0.6524122807017544 0.015625 0.019462719298245616
0 0.5384457236842105 0.6790021929824561 0.017886513157894735 0.019462719298245616
0 0.5353618421052632 0.5742872807017544 0.02734375 0.023574561403508772
0 0.5006167763157895 0.8122258771929824 0.02035361842105263 0.03042763157894737
0 0.48067434210526316 0.7365679824561403 0.01171875 0.03481359649122807
0 0.4706003289473684 0.7447916666666666 0.01644736842105263 0.03481359649122807
0 0.48334703947368424 0.8089364035087719 0.012541118421052632 0.03179824561403509
0 0.4693667763157895 0.8089364035087719 0.015625 0.03453947368421053
0 0.45415296052631576 0.7658991228070176 0.014802631578947368 0.03179824561403509
0 0.5037006578947368 0.5679824561403509 0.017064144736842105 0.03070175438596491
0 0.4870476973684211 0.6025219298245614 0.01644736842105263 0.022203947368421052
0 0.4784128289473684 0.5942982456140351 0.01171875 0.01644736842105263
0 0.4642269736842105 0.5992324561403509 0.016241776315789474 0.02631578947368421
0 0.4134457236842105 0.6526864035087719 0.021175986842105265 0.03070175438596491
0 0.39864309210526316 0.6631030701754386 0.01953125 0.018092105263157895
0 0.3891858552631579 0.3574561403508772 0.021175986842105265 0.04029605263157895
0 0.3373766447368421 0.4492872807017544 0.0234375 0.018092105263157895
0 0.3509457236842105 0.2760416666666667 0.017886513157894735 0.022203947368421052
0 0.33696546052631576 0.26918859649122806 0.02261513157894737 0.02768640350877193
0 0.25678453947368424 0.23108552631578946 0.021998355263157895 0.02905701754385965
0 0.2236842105263158 0.203125 0.02261513157894737 0.03755482456140351
0 0.16282894736842105 0.8434758771929824 0.02425986842105263 0.03481359649122807
0 0.2779605263157895 0.9040570175438597 0.012541118421052632 0.013706140350877192
0 0.34087171052631576 0.8330592105263158 0.021175986842105265 0.02768640350877193
0 0.3334703947368421 0.8004385964912281 0.025082236842105265 0.029331140350877194
0 0.28495065789473684 0.7491776315789473 0.021998355263157895 0.02905701754385965
0 0.2962582236842105 0.6228070175438597 0.017886513157894735 0.03179824561403509
0 0.2715871710526316 0.6137609649122807 0.01870888157894737 0.022478070175438597
0 0.27713815789473684 0.6408991228070176 0.02035361842105263 0.020833333333333332
0 0.2748766447368421 0.6524122807017544 0.021792763157894735 0.019462719298245616
0 0.15172697368421054 0.725328947368421 0.028988486842105265 0.03481359649122807
0 0.18379934210526316 0.48930921052631576 0.02734375 0.020833333333333332
0 0.21854440789473684 0.4838267543859649 0.02035361842105263 0.023574561403508772
0 0.1317845394736842 0.5427631578947368 0.02816611842105263 0.02768640350877193
0 0.15152138157894737 0.39281798245614036 0.03125 0.022203947368421052
0 0.1533717105263158 0.37609649122807015 0.02734375 0.024945175438596492
0 0.15892269736842105 0.34292763157894735 0.032072368421052634 0.025219298245614034
0 0.21155427631578946 0.2831688596491228 0.017269736842105265 0.019462719298245616
0 0.203125 0.3026315789473684 0.015625 0.027960526315789474
0 0.18585526315789475 0.2864583333333333 0.0234375 0.03481359649122807
0 0.18544407894736842 0.21847587719298245 0.025904605263157895 0.032072368421052634
0 0.17372532894736842 0.07757675438596491 0.02261513157894737 0.02768640350877193
0 0.15995065789473684 0.16721491228070176 0.01870888157894737 0.02631578947368421
0 0.15974506578947367 0.14007675438596492 0.02261513157894737 0.03042763157894737
0 0.17249177631578946 0.1269188596491228 0.0234375 0.03453947368421053
0 0.08573190789473684 0.1825657894736842 0.02816611842105263 0.03179824561403509
0 0.07092927631578948 0.17050438596491227 0.029810855263157895 0.024945175438596492
0 0.6899671052631579 0.9394188596491229 0.020764802631578948 0.030153508771929825
0 0.6313733552631579 0.915296052631579 0.013363486842105263 0.02768640350877193
0 0.6395970394736842 0.9067982456140351 0.010279605263157895 0.020285087719298246
0 0.6178042763157895 0.8843201754385965 0.015008223684210526 0.019736842105263157
0 0.643297697368421 0.8601973684210527 0.01644736842105263 0.03179824561403509
0 0.60546875 0.9065241228070176 0.011307565789473685 0.02987938596491228
0 0.5929276315789473 0.8928179824561403 0.013569078947368422 0.02549342105263158
0 0.6202713815789473 0.8637609649122807 0.0078125 0.014802631578947368
0 0.6241776315789473 0.8462171052631579 0.013569078947368422 0.02138157894736842
0 0.6091694078947368 0.8621162280701754 0.010074013157894737 0.013980263157894737
0 0.5945723684210527 0.8486842105263158 0.013569078947368422 0.022478070175438597
0 0.5990953947368421 0.8322368421052632 0.013774671052631578 0.025219298245614034
0 0.5764802631578947 0.884046052631579 0.011513157894736841 0.027412280701754384
0 0.5631167763157895 0.8895285087719298 0.007606907894736842 0.021655701754385966
0 0.7008634868421053 0.8837719298245614 0.011101973684210526 0.01864035087719298
0 0.6889391447368421 0.8760964912280702 0.012952302631578948 0.02138157894736842
0 0.9833470394736842 0.9649122807017544 0.026726973684210526 0.02768640350877193
0 0.8715049342105263 0.8585526315789473 0.02240953947368421 0.028782894736842105
0 0.875 0.8415570175438597 0.010074013157894737 0.017543859649122806
0 0.4993832236842105 0.8114035087719298 0.009251644736842105 0.021655701754385966
0 0.7574013157894737 0.828125 0.014802631578947368 0.023300438596491228
0 0.747327302631579 0.8042763157894737 0.01644736842105263 0.024396929824561403
0 0.9455180921052632 0.7014802631578947 0.02425986842105263 0.01781798245614035
0 0.9584703947368421 0.7064144736842105 0.023848684210526317 0.01425438596491228
0 0.9642269736842105 0.5827850877192983 0.019325657894736843 0.015625
0 0.9782072368421053 0.5668859649122807 0.03022203947368421 0.017269736842105265
0 0.990953947368421 0.5180921052631579 0.017886513157894735 0.0200109649122807
0 0.9568256578947368 0.38651315789473684 0.017064144736842105 0.014802631578947368
0 0.8616365131578947 0.06030701754385965 0.018914473684210526 0.03399122807017544
0 0.872327302631579 0.0581140350877193 0.018297697368421052 0.030975877192982455
0 0.8266858552631579 0.08662280701754387 0.018914473684210526 0.030975877192982455
0 0.7972861842105263 0.2924890350877193 0.02261513157894737 0.018914473684210526
0 0.8361430921052632 0.6998355263157895 0.020764802631578948 0.01836622807017544
0 0.7691200657894737 0.7557565789473685 0.01953125 0.01781798245614035
0 0.7333470394736842 0.7308114035087719 0.017269736842105265 0.02055921052631579
0 0.7578125 0.7025767543859649 0.015830592105263157 0.01699561403508772
0 0.7748766447368421 0.7182017543859649 0.016241776315789474 0.01864035087719298
0 0.7709703947368421 0.6883223684210527 0.020764802631578948 0.01918859649122807
0 0.7713815789473685 0.7020285087719298 0.016858552631578948 0.01781798245614035
0 0.7571957236842105 0.6211622807017544 0.019120065789473683 0.01918859649122807
0 0.7639802631578947 0.6134868421052632 0.016036184210526317 0.02055921052631579
0 0.7685032894736842 0.6345942982456141 0.017886513157894735 0.013706140350877192
0 0.7362253289473685 0.42351973684210525 0.01953125 0.012609649122807017
0 0.7218338815789473 0.3958333333333333 0.02261513157894737 0.017543859649122806
0 0.7354029605263158 0.3939144736842105 0.014391447368421052 0.02055921052631579
0 0.7208059210526315 0.4166666666666667 0.015830592105263157 0.012609649122807017
0 0.7323190789473685 0.29002192982456143 0.018297697368421052 0.021929824561403508
0 0.7156661184210527 0.24342105263157895 0.02035361842105263 0.024396929824561403
0 0.7368421052631579 0.1455592105263158 0.017886513157894735 0.023574561403508772
0 0.6671463815789473 0.1337719298245614 0.013157894736842105 0.02412280701754386
0 0.6735197368421053 0.11677631578947369 0.014802631578947368 0.019736842105263157
0 0.6299342105263158 0.30372807017543857 0.011924342105263159 0.018092105263157895
0 0.6398026315789473 0.2993421052631579 0.01459703947368421 0.019736842105263157
0 0.6597450657894737 0.543859649122807 0.011924342105263159 0.013980263157894737
0 0.6899671052631579 0.5175438596491229 0.01665296052631579 0.014528508771929825
0 0.6747532894736842 0.6694078947368421 0.016858552631578948 0.017269736842105265
0 0.6821546052631579 0.6477521929824561 0.02055921052631579 0.01781798245614035
0 0.6443256578947368 0.6625548245614035 0.01171875 0.015076754385964912
0 0.6124588815789473 0.6510416666666666 0.012335526315789474 0.015076754385964912
0 0.6305509868421053 0.6400767543859649 0.012541118421052632 0.01864035087719298
0 0.6313733552631579 0.6631030701754386 0.011924342105263159 0.015625
0 0.6371299342105263 0.7176535087719298 0.01665296052631579 0.02138157894736842
0 0.6099917763157895 0.7269736842105263 0.014391447368421052 0.018914473684210526
0 0.653577302631579 0.7256030701754386 0.01274671052631579 0.022478070175438597
0 0.6439144736842105 0.7415021929824561 0.013980263157894737 0.018914473684210526
0 0.610608552631579 0.7094298245614035 0.011307565789473685 0.0200109649122807
0 0.6854440789473685 0.7642543859649122 0.009457236842105263 0.01206140350877193
0 0.6899671052631579 0.7848135964912281 0.014802631578947368 0.020285087719298246
0 0.6683799342105263 0.7946820175438597 0.013157894736842105 0.017543859649122806
0 0.6083470394736842 0.7985197368421053 0.011513157894736841 0.014528508771929825
0 0.6013569078947368 0.7867324561403509 0.011513157894736841 0.012883771929824562
0 0.604235197368421 0.7675438596491229 0.01665296052631579 0.017269736842105265
0 0.6239720394736842 0.7900219298245614 0.012129934210526315 0.024671052631578948
0 0.5476973684210527 0.8552631578947368 0.01171875 0.024671052631578948
0 0.5752467105263158 0.7464364035087719 0.011513157894736841 0.01836622807017544
0 0.5736019736842105 0.7628837719298246 0.012335526315789474 0.021929824561403508
0 0.5840871710526315 0.772203947368421 0.008429276315789474 0.019462719298245616
0 0.5836759868421053 0.7264254385964912 0.010485197368421052 0.015899122807017545
0 0.5892269736842105 0.7023026315789473 0.014802631578947368 0.021107456140350877
0 0.5842927631578947 0.6759868421052632 0.009251644736842105 0.01425438596491228
0 0.5396792763157895 0.6726973684210527 0.013363486842105263 0.018092105263157895
0 0.5368009868421053 0.6521381578947368 0.011924342105263159 0.018092105263157895
0 0.5528371710526315 0.6589912280701754 0.008634868421052632 0.01617324561403509
0 0.5458470394736842 0.6450109649122807 0.009662828947368422 0.010964912280701754
0 0.5678453947368421 0.6239035087719298 0.015419407894736841 0.011239035087719298
0 0.5857319078947368 0.6126644736842105 0.015419407894736841 0.01699561403508772
0 0.5707236842105263 0.6071820175438597 0.015213815789473685 0.01644736842105263
0 0.5376233552631579 0.5748355263157895 0.014391447368421052 0.013980263157894737
0 0.6019736842105263 0.5827850877192983 0.010896381578947368 0.015350877192982455
0 0.6069078947368421 0.5693530701754386 0.01665296052631579 0.012609649122807017
0 0.50390625 0.5707236842105263 0.01274671052631579 0.018914473684210526
0 0.5968338815789473 0.40734649122807015 0.013569078947368422 0.015625
0 0.6083470394736842 0.37198464912280704 0.010485197368421052 0.01617324561403509
0 0.5071957236842105 0.3393640350877193 0.015625 0.02631578947368421
0 0.5006167763157895 0.359375 0.010896381578947368 0.015076754385964912
0 0.596422697368421 0.3881578947368421 0.012952302631578948 0.017269736842105265
0 0.5614720394736842 0.2294407894736842 0.012335526315789474 0.023848684210526317
0 0.5655838815789473 0.21463815789473684 0.013157894736842105 0.029605263157894735
0 0.6134868421052632 0.18037280701754385 0.015625 0.021107456140350877
0 0.5881990131578947 0.044956140350877194 0.014185855263157895 0.03042763157894737
0 0.6021792763157895 0.0556469298245614 0.01171875 0.02905701754385965
0 0.6122532894736842 0.04084429824561404 0.011513157894736841 0.02549342105263158
0 0.4769736842105263 0.1875 0.015830592105263157 0.02138157894736842
0 0.4761513157894737 0.21463815789473684 0.011307565789473685 0.021107456140350877
0 0.4895148026315789 0.3423793859649123 0.011513157894736841 0.0200109649122807
0 0.4876644736842105 0.5995065789473685 0.01644736842105263 0.013706140350877192
0 0.4652549342105263 0.5973135964912281 0.009662828947368422 0.017543859649122806
0 0.4810855263157895 0.7393092105263158 0.011513157894736841 0.020285087719298246
0 0.4722450657894737 0.7475328947368421 0.01274671052631579 0.026589912280701754
0 0.4551809210526316 0.7669956140350878 0.00884046052631579 0.019462719298245616
0 0.4831414473684211 0.8075657894736842 0.010074013157894737 0.01864035087719298
0 0.4712171052631579 0.805921052631579 0.014391447368421052 0.0200109649122807
0 0.4126233552631579 0.6515899122807017 0.021175986842105265 0.015899122807017545
0 0.3548519736842105 0.0200109649122807 0.01171875 0.03618421052631579
0 0.35135690789473684 0.28344298245614036 0.011513157894736841 0.01836622807017544
0 0.38980263157894735 0.3560855263157895 0.015625 0.024945175438596492
0 0.3998766447368421 0.6636513157894737 0.011101973684210526 0.014528508771929825
0 0.3410773026315789 0.8336074561403509 0.015625 0.023300438596491228
0 0.28680098684210525 0.7480811403508771 0.014391447368421052 0.021929824561403508
0 0.3377878289473684 0.45038377192982454 0.016241776315789474 0.015076754385964912
0 0.3371710526315789 0.27028508771929827 0.018092105263157895 0.02055921052631579
0 0.24074835526315788 0.1025219298245614 0.01850328947368421 0.03070175438596491
0 0.25699013157894735 0.2324561403508772 0.01459703947368421 0.019462719298245616
0 0.22574013157894737 0.20202850877192982 0.017269736842105265 0.033168859649122806
0 0.2730263157894737 0.6126644736842105 0.012541118421052632 0.019736842105263157
0 0.29605263157894735 0.6271929824561403 0.015213815789473685 0.018092105263157895
0 0.2779605263157895 0.6417214912280702 0.017064144736842105 0.012609649122807017
0 0.2738486842105263 0.6559758771929824 0.016036184210526317 0.014802631578947368
0 0.16324013157894737 0.8418311403508771 0.018297697368421052 0.023300438596491228
0 0.15254934210526316 0.7266995614035088 0.020148026315789474 0.022478070175438597
0 0.18688322368421054 0.4909539473684211 0.016036184210526317 0.021655701754385966
0 0.15172697368421054 0.3911732456140351 0.027549342105263157 0.01699561403508772
0 0.15501644736842105 0.37417763157894735 0.02837171052631579 0.015899122807017545
0 0.16180098684210525 0.34292763157894735 0.027549342105263157 0.015350877192982455
0 0.43667763157894735 0.8259320175438597 0.008634868421052632 0.020833333333333332
0 0.3316200657894737 0.805921052631579 0.014391447368421052 0.016721491228070175
0 0.13260690789473684 0.5416666666666666 0.023026315789473683 0.013980263157894737
0 0.21998355263157895 0.48656798245614036 0.017269736842105265 0.023300438596491228
0 0.20456414473684212 0.30180921052631576 0.018092105263157895 0.01836622807017544
0 0.18893914473684212 0.2897478070175439 0.018297697368421052 0.02275219298245614
0 0.21073190789473684 0.2870065789473684 0.010896381578947368 0.015350877192982455
0 0.18585526315789475 0.22012061403508773 0.023231907894736843 0.020285087719298246
0 0.16138980263157895 0.16885964912280702 0.019325657894736843 0.0268640350877193
0 0.1611842105263158 0.14775219298245615 0.02261513157894737 0.029605263157894735
0 0.17269736842105263 0.12801535087719298 0.02261513157894737 0.024945175438596492
0 0.1729029605263158 0.07922149122807018 0.015625 0.02275219298245614
0 0.09107730263157894 0.038651315789473686 0.02549342105263158 0.03262061403508772
0 0.07051809210526316 0.17297149122807018 0.023231907894736843 0.01864035087719298
0 0.08881578947368421 0.19353070175438597 0.01747532894736842 0.01644736842105263
0 0.08717105263157894 0.18393640350877194 0.022820723684210526 0.01864035087719298
