0 0.9761513157894737 0.4906798245614035 0.02261513157894737 0.029331140350877194
0 0.9710115131578947 0.4649122807017544 0.027960526315789474 0.024945175438596492
0 0.9862253289473685 0.4067982456140351 0.019325657894736843 0.022478070175438597
0 0.9784128289473685 0.38103070175438597 0.020970394736842105 0.023574561403508772
0 0.8628700657894737 0.4276315789473684 0.014802631578947368 0.03618421052631579
0 0.9638157894736842 0.9775219298245614 0.034333881578947366 0.038651315789473686
0 0.9360608552631579 0.9109100877192983 0.02734375 0.03344298245614035
0 0.9560032894736842 0.9073464912280702 0.01870888157894737 0.03755482456140351
0 0.9693667763157895 0.903234649122807 0.015625 0.032072368421052634
0 0.9806743421052632 0.8922697368421053 0.01953125 0.02905701754385965
0 0.9905427631578947 0.8144188596491229 0.018914473684210526 0.03179824561403509
0 0.9603207236842105 0.7595942982456141 0.021175986842105265 0.01918859649122807
0 0.9701891447368421 0.7351973684210527 0.026726973684210526 0.032072368421052634
0 0.9767680921052632 0.6880482456140351 0.02734375 0.02631578947368421
0 0.9757401315789473 0.653234649122807 0.0234375 0.032072368421052634
0 0.9502467105263158 0.7129934210526315 0.03042763157894737 0.020833333333333332
0 0.947985197368421 0.6589912280701754 0.032072368421052634 0.02631578947368421
0 0.9368832236842105 0.7256030701754386 0.013363486842105263 0.018092105263157895
0 0.9432565789473685 0.7491776315789473 0.02261513157894737 0.02905701754385965
0 0.920641447368421 0.8448464912280702 0.032072368421052634 0.04029605263157895
0 0.9052220394736842 0.7637061403508771 0.02652138157894737 0.049890350877192985
0 0.8682154605263158 0.6387061403508771 0.025904605263157895 0.03618421052631579
0 0.8643092105263158 0.5762061403508771 0.018092105263157895 0.019462719298245616
0 0.8499177631578947 0.5775767543859649 0.026726973684210526 0.03042763157894737
0 0.8439555921052632 0.5518092105263158 0.021175986842105265 0.020833333333333332
0 0.8233963815789473 0.546875 0.013980263157894737 0.02768640350877193
0 0.8139391447368421 0.5191885964912281 0.025082236842105265 0.024945175438596492
0 0.7985197368421053 0.5038377192982456 0.01953125 0.019462719298245616
0 0.8005756578947368 0.4857456140350877 0.02035361842105263 0.016721491228070175
0 0.7787828947368421 0.5164473684210527 0.021792763157894735 0.02768640350877193
0 0.7471217105263158 0.42543859649122806 0.02734375 0.03755482456140351
0 0.6928453947368421 0.46792763157894735 0.01870888157894737 0.025219298245614034
0 0.6942845394736842 0.4262609649122807 0.01870888157894737 0.03344298245614035
0 0.7045641447368421 0.4144736842105263 0.021792763157894735 0.02905701754385965
0 0.7025082236842105 0.36156798245614036 0.016241776315789474 0.023574561403508772
0 0.658922697368421 0.3338815789473684 0.01644736842105263 0.02631578947368421
0 0.6593338815789473 0.3130482456140351 0.009457236842105263 0.023574561403508772
0 0.6490542763157895 0.31853070175438597 0.012541118421052632 0.018092105263157895
0 0.5779194078947368 0.15734649122807018 0.014185855263157895 0.032072368421052634
0 0.5328947368421053 0.14967105263157895 0.01171875 0.019462719298245616
0 0.5267269736842105 0.16776315789473684 0.013363486842105263 0.02768640350877193
0 0.5283717105263158 0.12828947368421054 0.014802631578947368 0.020833333333333332
0 0.5111019736842105 0.12966008771929824 0.013363486842105263 0.023574561403508772
0 0.5135690789473685 0.1631030701754386 0.01953125 0.02905701754385965
0 0.48663651315789475 0.07072368421052631 0.026726973684210526 0.027960526315789474
0 0.46977796052631576 0.039473684210526314 0.01953125 0.03179824561403509
0 0.8357319078947368 0.9824561403508771 0.021998355263157895 0.03179824561403509
0 0.8456003289473685 0.9616228070175439 0.02425986842105263 0.03481359649122807
0 0.8174342105263158 0.9429824561403509 0.02261513157894737 0.03070175438596491
0 0.8077713815789473 0.8824013157894737 0.025082236842105265 0.029331140350877194
0 0.8330592105263158 0.8429276315789473 0.014802631578947368 0.025219298245614034
0 0.8421052631578947 0.8242872807017544 0.011101973684210526 0.018092105263157895
0 0.8577302631578947 0.7963267543859649 0.0234375 0.032072368421052634
0 0.8546463815789473 0.7560307017543859 0.017269736842105265 0.032072368421052634
0 0.8634868421052632 0.737390350877193 0.025699013157894735 0.041666666666666664
0 0.7804276315789473 0.8615679824561403 0.021792763157894735 0.03481359649122807
0 0.807360197368421 0.8185307017543859 0.014802631578947368 0.029331140350877194
0 0.819078947368421 0.8130482456140351 0.014802631578947368 0.03179824561403509
0 0.8322368421052632 0.8122258771929824 0.01953125 0.03042763157894737
0 0.697985197368421 0.9594298245614035 0.014802631578947368 0.022203947368421052
0 0.7033305921052632 0.9492872807017544 0.017886513157894735 0.023574561403508772
0 0.7744654605263158 0.8171600877192983 0.018092105263157895 0.023574561403508772
0 0.7882401315789473 0.8026315789473685 0.017269736842105265 0.025219298245614034
0 0.807360197368421 0.7645285087719298 0.014802631578947368 0.020833333333333332
0 0.7944078947368421 0.7519188596491229 0.013980263157894737 0.02631578947368421
0 0.7639802631578947 0.7949561403508771 0.013980263157894737 0.02905701754385965
0 0.776110197368421 0.7776864035087719 0.018092105263157895 0.03070175438596491
0 0.7713815789473685 0.7324561403508771 0.02261513157894737 0.02905701754385965
0 0.7736430921052632 0.7075109649122807 0.010074013157894737 0.015350877192982455
0 0.7615131578947368 0.6825657894736842 0.014185855263157895 0.023574561403508772
0 0.7861842105263158 0.6422697368421053 0.021175986842105265 0.023574561403508772
0 0.7491776315789473 0.5657894736842105 0.021792763157894735 0.03179824561403509
0 0.7072368421052632 0.6296600877192983 0.017886513157894735 0.03755482456140351
0 0.7025082236842105 0.5866228070175439 0.01953125 0.02631578947368421
0 0.6924342105263158 0.5441337719298246 0.01644736842105263 0.013980263157894737
0 0.6467927631578947 0.5685307017543859 0.018914473684210526 0.02631578947368421
0 0.7423930921052632 0.7360197368421053 0.017886513157894735 0.03618421052631579
0 0.7255345394736842 0.7371162280701754 0.009251644736842105 0.016721491228070175
0 0.7210115131578947 0.7179276315789473 0.018914473684210526 0.022478070175438597
0 0.7068256578947368 0.6762609649122807 0.01870888157894737 0.027960526315789474
0 0.6877055921052632 0.684484649122807 0.017886513157894735 0.016721491228070175
0 0.6846217105263158 0.6282894736842105 0.017886513157894735 0.02905701754385965
0 0.6819490131578947 0.7053179824561403 0.013980263157894737 0.016721491228070175
0 0.7033305921052632 0.7149122807017544 0.015008223684210526 0.016721491228070175
0 0.7088815789473685 0.7415021929824561 0.02261513157894737 0.024945175438596492
0 0.6897615131578947 0.7357456140350878 0.015625 0.019462719298245616
0 0.7580180921052632 0.819078947368421 0.021175986842105265 0.02768640350877193
0 0.74609375 0.8393640350877193 0.015625 0.018092105263157895
0 0.7358141447368421 0.8108552631578947 0.020148026315789474 0.022203947368421052
0 0.7243009868421053 0.7872807017543859 0.02734375 0.024945175438596492
0 0.7240953947368421 0.8248355263157895 0.013980263157894737 0.019462719298245616
0 0.7240953947368421 0.8484100877192983 0.013980263157894737 0.03070175438596491
0 0.7123766447368421 0.8283991228070176 0.015625 0.02631578947368421
0 0.6983963815789473 0.8185307017543859 0.017269736842105265 0.023574561403508772
0 0.6932565789473685 0.8325109649122807 0.018092105263157895 0.02631578947368421
0 0.6916118421052632 0.859375 0.021175986842105265 0.024945175438596492
0 0.6963404605263158 0.8969298245614035 0.01171875 0.016721491228070175
0 0.6854440789473685 0.8928179824561403 0.01171875 0.022203947368421052
0 0.6788651315789473 0.9150219298245614 0.015625 0.022203947368421052
0 0.6636513157894737 0.9131030701754386 0.014802631578947368 0.02631578947368421
0 0.6759868421052632 0.8673245614035088 0.015008223684210526 0.023574561403508772
0 0.6659128289473685 0.8878837719298246 0.014802631578947368 0.029331140350877194
0 0.6517269736842105 0.893640350877193 0.010074013157894737 0.020833333333333332
0 0.65625 0.8552631578947368 0.015625 0.02768640350877193
0 0.6498766447368421 0.871984649122807 0.012541118421052632 0.03042763157894737
0 0.635485197368421 0.8673245614035088 0.010279605263157895 0.018092105263157895
0 0.6585115131578947 0.7908442982456141 0.020148026315789474 0.023574561403508772
0 0.6369243421052632 0.8456688596491229 0.01171875 0.03070175438596491
0 0.6338404605263158 0.7922149122807017 0.014802631578947368 0.020833333333333332
0 0.6229440789473685 0.8316885964912281 0.013157894736842105 0.019462719298245616
0 0.6182154605263158 0.8303179824561403 0.014802631578947368 0.03042763157894737
0 0.6182154605263158 0.7990679824561403 0.018092105263157895 0.029331140350877194
0 0.6143092105263158 0.7601425438596491 0.02261513157894737 0.03481359649122807
0 0.6064967105263158 0.8714364035087719 0.017886513157894735 0.03179824561403509
0 0.6095805921052632 0.8360745614035088 0.017886513157894735 0.047149122807017545
0 0.6169819078947368 0.9295504385964912 0.021998355263157895 0.03755482456140351
0 0.5923108552631579 0.8881578947368421 0.021175986842105265 0.023574561403508772
0 0.5618832236842105 0.8637609649122807 0.010074013157894737 0.03070175438596491
0 0.5483141447368421 0.8429276315789473 0.020148026315789474 0.025219298245614034
0 0.5929276315789473 0.8157894736842105 0.021792763157894735 0.04029605263157895
0 0.5999177631578947 0.7867324561403509 0.015625 0.023574561403508772
0 0.5822368421052632 0.778234649122807 0.021175986842105265 0.04029605263157895
0 0.5604440789473685 0.746984649122807 0.02261513157894737 0.033168859649122806
0 0.5616776315789473 0.7184758771929824 0.025082236842105265 0.032072368421052634
0 0.5365953947368421 0.7365679824561403 0.020148026315789474 0.026589912280701754
0 0.5185032894736842 0.7864583333333334 0.02816611842105263 0.03481359649122807
0 0.4745065789473684 0.7497258771929824 0.01644736842105263 0.016721491228070175
0 0.46196546052631576 0.7371162280701754 0.01644736842105263 0.022203947368421052
0 0.49239309210526316 0.7020285087719298 0.01953125 0.018092105263157895
0 0.5318667763157895 0.7088815789473685 0.015625 0.020833333333333332
0 0.6287006578947368 0.6858552631578947 0.021998355263157895 0.024945175438596492
0 0.6416529605263158 0.6754385964912281 0.010074013157894737 0.029331140350877194
0 0.6358963815789473 0.6518640350877193 0.015625 0.032072368421052634
0 0.6272615131578947 0.6644736842105263 0.012335526315789474 0.023574561403508772
0 0.4675164473684211 0.7025767543859649 0.01644736842105263 0.03892543859649123
0 0.5244654605263158 0.559484649122807 0.013157894736842105 0.02768640350877193
0 0.5045230263157895 0.5844298245614035 0.015625 0.022203947368421052
0 0.5084292763157895 0.5635964912280702 0.010896381578947368 0.016721491228070175
0 0.4512746710526316 0.6186951754385965 0.02035361842105263 0.023574561403508772
0 0.4368832236842105 0.7269736842105263 0.013363486842105263 0.02905701754385965
0 0.5076069078947368 0.4594298245614035 0.012541118421052632 0.022203947368421052
0 0.4981496710526316 0.46792763157894735 0.012541118421052632 0.027960526315789474
0 0.4759457236842105 0.46573464912280704 0.016241776315789474 0.02631578947368421
0 0.47101151315789475 0.5074013157894737 0.015625 0.026589912280701754
0 0.4329769736842105 0.5254934210526315 0.017886513157894735 0.02631578947368421
0 0.41817434210526316 0.5372807017543859 0.01644736842105263 0.03042763157894737
0 0.49054276315789475 0.3462171052631579 0.018914473684210526 0.03755482456140351
0 0.4446957236842105 0.39364035087719296 0.015008223684210526 0.023574561403508772
0 0.4623766447368421 0.29769736842105265 0.013980263157894737 0.02631578947368421
0 0.46895559210526316 0.27055921052631576 0.01171875 0.024945175438596492
0 0.46196546052631576 0.24780701754385964 0.010279605263157895 0.02631578947368421
0 0.45333059210526316 0.26452850877192985 0.01171875 0.020833333333333332
0 0.43770559210526316 0.20668859649122806 0.015008223684210526 0.033168859649122806
0 0.35773026315789475 0.35526315789473684 0.013980263157894737 0.02768640350877193
0 0.3511513157894737 0.32894736842105265 0.01644736842105263 0.024945175438596492
0 0.38692434210526316 0.29084429824561403 0.025699013157894735 0.03728070175438596
0 0.3893914473684211 0.22149122807017543 0.014802631578947368 0.020833333333333332
0 0.3924753289473684 0.20175438596491227 0.019325657894736843 0.029331140350877194
0 0.40152138157894735 0.15405701754385964 0.0234375 0.041666666666666664
0 0.39555921052631576 0.10115131578947369 0.01644736842105263 0.033168859649122806
0 0.3451891447368421 0.20394736842105263 0.0234375 0.033168859649122806
0 0.31085526315789475 0.29413377192982454 0.021792763157894735 0.033168859649122806
0 0.32442434210526316 0.2519188596491228 0.014802631578947368 0.02905701754385965
0 0.30057565789473684 0.19353070175438597 0.010896381578947368 0.023574561403508772
0 0.16426809210526316 0.18722587719298245 0.02261513157894737 0.02768640350877193
0 0.06311677631578948 0.12335526315789473 0.034333881578947366 0.03892543859649123
0 0.10341282894736842 0.04358552631578947 0.03515625 0.04029605263157895
0 0.22861842105263158 0.0825109649122807 0.01870888157894737 0.023574561403508772
