0 0.3826754385964912 0.14554905782975958 0.011513157894736841 0.018843404808317088
0 0.5946637426900585 0.6325536062378168 0.00932017543859649 0.015269655620532813
0 0.5917397660818714 0.6809616634178037 0.009502923976608187 0.01364522417153996
0 0.6096491228070176 0.6777128005198181 0.006944444444444444 0.016244314489928524
0 0.6114766081871345 0.7069525666016894 0.015350877192982455 0.02599090318388564
0 0.5939327485380117 0.7563352826510721 0.008406432748538011 0.021442495126705652
0 0.5502558479532164 0.8278102664067576 0.006944444444444444 0.022417153996101363
0 0.5625 0.8622482131254061 0.015533625730994151 0.02014294996751137
0 0.5158991228070176 0.8073424301494477 0.006578947368421052 0.021442495126705652
0 0.5730994152046783 0.8599740090968161 0.006396198830409356 0.008771929824561403
