0 0.14525 0.4483333333333333 0.0175 0.023666666666666666
0 0.187 0.44966666666666666 0.01525 0.014
0 0.27075 0.497 0.019 0.013333333333333334
0 0.3065 0.5043333333333333 0.024 0.016
0 0.29525 0.31766666666666665 0.015 0.024666666666666667
0 0.34725 0.328 0.0145 0.02033333333333333
0 0.60525 0.49066666666666664 0.01325 0.019333333333333334
0 0.6425 0.5036666666666667 0.01275 0.01633333333333333
0 0.4145 0.536 0.01225 0.014333333333333333
0 0.68125 0.016666666666666666 0.00975 0.015
0 0.57425 0.06266666666666666 0.0215 0.013666666666666667
